################################################################################
#       Copyright (C) 2010 Michael Yurko <myurko@gmail.com>
#
#This file is part of pyQAP.
#
#pyQAP is free software: you can redistribute it and/or modify
#it under the terms of the GNU General Public License as published by
#the Free Software Foundation, either version 2 of the License, or
#(at your option) any later version.
#
#pyQAP is distributed in the hope that it will be useful,
#but WITHOUT ANY WARRANTY; without even the implied warranty of
#MERCHANTABILITY or FITNESS FOR A PARTICULAR PURPOSE.  See the
#GNU General Public License for more details.
#
#You should have received a copy of the GNU General Public License
#along with pyQAP.  If not, see <http://www.gnu.org/licenses/>.
################################################################################

'''
Problems and problem generators for the QAP
'''
import numpy as np
import classes
import vars

def num_gen(file):
    '''
    A generator which returns numbers from a file.
    
    Examples:
    
    Tested in QAPLIB.
    '''
    while True:
        for n_str in file.next().split():
            try:
                n = float(n_str)
                yield n
            except ValueError:
                pass

def QAPLIB(name, directory=vars.problem_directory):
    """
    Returns a problem instance from the QAPLIB by parsing the .dat file.
    
    Examples:
    
    >>> QAPLIB('nug12')
    QAP of size 12 with the flow matrix
    [[ 0.  1.  2.  3.  1.  2.  3.  4.  2.  3.  4.  5.]
     [ 1.  0.  1.  2.  2.  1.  2.  3.  3.  2.  3.  4.]
     [ 2.  1.  0.  1.  3.  2.  1.  2.  4.  3.  2.  3.]
     [ 3.  2.  1.  0.  4.  3.  2.  1.  5.  4.  3.  2.]
     [ 1.  2.  3.  4.  0.  1.  2.  3.  1.  2.  3.  4.]
     [ 2.  1.  2.  3.  1.  0.  1.  2.  2.  1.  2.  3.]
     [ 3.  2.  1.  2.  2.  1.  0.  1.  3.  2.  1.  2.]
     [ 4.  3.  2.  1.  3.  2.  1.  0.  4.  3.  2.  1.]
     [ 2.  3.  4.  5.  1.  2.  3.  4.  0.  1.  2.  3.]
     [ 3.  2.  3.  4.  2.  1.  2.  3.  1.  0.  1.  2.]
     [ 4.  3.  2.  3.  3.  2.  1.  2.  2.  1.  0.  1.]
     [ 5.  4.  3.  2.  4.  3.  2.  1.  3.  2.  1.  0.]]
    and distance matrix
    [[  0.   5.   2.   4.   1.   0.   0.   6.   2.   1.   1.   1.]
     [  5.   0.   3.   0.   2.   2.   2.   0.   4.   5.   0.   0.]
     [  2.   3.   0.   0.   0.   0.   0.   5.   5.   2.   2.   2.]
     [  4.   0.   0.   0.   5.   2.   2.  10.   0.   0.   5.   5.]
     [  1.   2.   0.   5.   0.  10.   0.   0.   0.   5.   1.   1.]
     [  0.   2.   0.   2.  10.   0.   5.   1.   1.   5.   4.   0.]
     [  0.   2.   0.   2.   0.   5.   0.  10.   5.   2.   3.   3.]
     [  6.   0.   5.  10.   0.   1.  10.   0.   0.   0.   5.   0.]
     [  2.   4.   5.   0.   0.   1.   5.   0.   0.   0.  10.  10.]
     [  1.   5.   2.   0.   5.   5.   2.   0.   0.   0.   5.   0.]
     [  1.   0.   2.   5.   1.   4.   3.   5.  10.   5.   0.   2.]
     [  1.   0.   2.   5.   1.   0.   3.   0.  10.   0.   2.   0.]]
    and linear cost matrix
    [[ 0.  0.  0.  0.  0.  0.  0.  0.  0.  0.  0.  0.]
     [ 0.  0.  0.  0.  0.  0.  0.  0.  0.  0.  0.  0.]
     [ 0.  0.  0.  0.  0.  0.  0.  0.  0.  0.  0.  0.]
     [ 0.  0.  0.  0.  0.  0.  0.  0.  0.  0.  0.  0.]
     [ 0.  0.  0.  0.  0.  0.  0.  0.  0.  0.  0.  0.]
     [ 0.  0.  0.  0.  0.  0.  0.  0.  0.  0.  0.  0.]
     [ 0.  0.  0.  0.  0.  0.  0.  0.  0.  0.  0.  0.]
     [ 0.  0.  0.  0.  0.  0.  0.  0.  0.  0.  0.  0.]
     [ 0.  0.  0.  0.  0.  0.  0.  0.  0.  0.  0.  0.]
     [ 0.  0.  0.  0.  0.  0.  0.  0.  0.  0.  0.  0.]
     [ 0.  0.  0.  0.  0.  0.  0.  0.  0.  0.  0.  0.]
     [ 0.  0.  0.  0.  0.  0.  0.  0.  0.  0.  0.  0.]]
    >>> QAPLIB('esc32a')
    QAP of size 32 with the flow matrix
    [[ 0.  1.  1. ...,  0.  0.  0.]
     [ 1.  0.  1. ...,  0.  0.  0.]
     [ 1.  1.  0. ...,  0.  0.  0.]
     ..., 
     [ 0.  0.  0. ...,  0.  0.  0.]
     [ 0.  0.  0. ...,  0.  0.  0.]
     [ 0.  0.  0. ...,  0.  0.  0.]]
    and distance matrix
    [[ 0.  0.  0. ...,  3.  3.  4.]
     [ 0.  0.  1. ...,  2.  4.  3.]
     [ 0.  1.  0. ...,  4.  2.  3.]
     ..., 
     [ 3.  2.  4. ...,  0.  1.  0.]
     [ 3.  4.  2. ...,  1.  0.  0.]
     [ 4.  3.  3. ...,  0.  0.  0.]]
    and linear cost matrix
    [[ 0.  0.  0. ...,  0.  0.  0.]
     [ 0.  0.  0. ...,  0.  0.  0.]
     [ 0.  0.  0. ...,  0.  0.  0.]
     ..., 
     [ 0.  0.  0. ...,  0.  0.  0.]
     [ 0.  0.  0. ...,  0.  0.  0.]
     [ 0.  0.  0. ...,  0.  0.  0.]]
    >>> QAPLIB('jen4')
    QAP of size 4 with the flow matrix
    [[ 0.  5.  2.  7.]
     [ 0.  0.  3.  8.]
     [ 0.  0.  0.  3.]
     [ 0.  0.  0.  0.]]
    and distance matrix
    [[   0.   80.  150.  170.]
     [  80.    0.  130.  100.]
     [ 150.  130.    0.  120.]
     [ 170.  100.  120.    0.]]
    and linear cost matrix
    [[ 0.  0.  0.  0.]
     [ 0.  0.  0.  0.]
     [ 0.  0.  0.  0.]
     [ 0.  0.  0.  0.]]
    >>> QAPLIB('sko100f')
    QAP of size 100 with the flow matrix
    [[  0.   1.   2. ...,  16.  17.  18.]
     [  1.   0.   1. ...,  15.  16.  17.]
     [  2.   1.   0. ...,  14.  15.  16.]
     ..., 
     [ 16.  15.  14. ...,   0.   1.   2.]
     [ 17.  16.  15. ...,   1.   0.   1.]
     [ 18.  17.  16. ...,   2.   1.   0.]]
    and distance matrix
    [[ 0.  5.  1. ...,  4.  0.  0.]
     [ 5.  0.  4. ...,  0.  0.  0.]
     [ 1.  4.  0. ...,  0.  2.  1.]
     ..., 
     [ 4.  0.  0. ...,  0.  3.  1.]
     [ 0.  0.  2. ...,  3.  0.  2.]
     [ 0.  0.  1. ...,  1.  2.  0.]]
    and linear cost matrix
    [[ 0.  0.  0. ...,  0.  0.  0.]
     [ 0.  0.  0. ...,  0.  0.  0.]
     [ 0.  0.  0. ...,  0.  0.  0.]
     ..., 
     [ 0.  0.  0. ...,  0.  0.  0.]
     [ 0.  0.  0. ...,  0.  0.  0.]
     [ 0.  0.  0. ...,  0.  0.  0.]]
    """
    #open file
    with file(directory+name+".dat", "r") as dat:
        #get size
        n = int(dat.next())
        
        #create generator
        gen = num_gen(dat)
        
        #parse flow matrix
        f = np.empty((n,n), dtype = np.float)
        for i in xrange(n):
            for j in xrange(n):
                f[i, j] = gen.next()
        
        #parse distance matrix
        d = np.empty((n,n), dtype = np.float)
        for i in xrange(n):
            for j in xrange(n):
                d[i, j] = gen.next()
        
    return classes.Problem(f,d)
    
def QAPLIB_sln(name, directory=vars.problem_directory):
    '''
    Return the solution corresponding to the given QAPLIB problem.
    Note: time, nodes, etc. will be -1 to indicate that it was not
    computed with this library.
    
    Examples:
    
    >>> QAPLIB_sln('nug12')
    QAP Solution: [ 11.   6.   8.   2.   3.   7.  10.   0.   4.   5.   9.   1.] Cost: 578.000000 Nodes visited: -1.000000 Total time: -1.000000
    >>> QAPLIB_sln('esc32a')
    Traceback (most recent call last):
      ...
    IOError: [Errno 2] No such file or directory: '...esc32a.sln'
    >>> QAPLIB_sln('sko100f')
    QAP Solution: [ 77.  58.  63.  41.  30.  39.  57.  14.  89.  72.  16.  74.  97.  18.  54.
       9.  51.  29.  42.  85.  26.  47.  69.  45.  87.  23.  37.   5.  65.   1.
      21.   0.  13.  40.  10.  36.  49.   7.  78.  60.  38.  33.  43.  55.  46.
      82.  34.  59.  92.  68.  66.  35.  25.  90.   8.  94.  73.  70.  67.  15.
      61.  81.  44.  75.  83.  48.  24.  84.   6.  20.  52.  17.  11.  71.  86.
      88.   4.  99.  28.   2.  93.  19.   3.  80.  22.  50.  64.  98.  56.  31.
      91.  62.  95.  32.  27.  12.  53.  76.  79.  96.] Cost: 149036.000000 Nodes visited: -1.000000 Total time: -1.000000
    >>> QAPLIB_sln('had16')
    QAP Solution: [  8.   3.  15.   0.   6.   7.   5.  13.  14.  10.  11.   9.   4.   2.   1.
      12.] Cost: 3720.000000 Nodes visited: -1.000000 Total time: -1.000000
    '''
    #open file
    with file(directory+name+".sln", "r") as dat:
        #get size and solution
        line = dat.next().split()
        n = int(line[0])
        cost = float(line[1])
        #get solution array
        sol = np.empty((n))
        gen = num_gen(dat)
        for i in xrange(n):
            sol[i] = int(gen.next())-1     #offset to start at 0
    return classes.Solution(sol, cost, -1, -1)
            

def QAPLIB_list(path = vars.problem_directory):
    """
    Returns a list of the QAPLIB problems.
    
    Examples:
    
    >>> QAPLIB_list()
    ['gin50', 'nug16b', 'tai17a', 'sko100b', 'esc64a', 'tai20b', 'sko72', 'chr12c', 'esc16d', 'tai256c', 'ste36c', 'sko81', 'tai12a', 'tai25b', 'lipa30a', 'nug20', 'ste36b', 'gin80', 'tai40a', 'Inst100', 'tai30a', 'scr20', 'chr25a', 'tai60a', 'sko64', 'gin40', 'nug17', 'tai64c', 'esc32e', 'kra30b', 'nug18', 'tho40', 'lipa40a', 'sko100a', 'Inst40', 'Inst20', 'esc32d', 'Inst30', 'sko100d', 'tai12b', 'esc32g', 'had18', 'bur26g', 'nug15', 'lipa20b', 'tai10b', 'tai25a', 'sko42', 'sko56', 'tai15a', 'chr15b', 'gin60', 'lipa70a', 'nug12', 'had14', 'sko100f', 'gin20', 'chr15c', 'esc16b', 'nug16a', 'chr22b', 'bur26e', 'sko49', 'kra32', 'esc16a', 'scr15', 'bur26h', 'esc32a', 'tai150b', 'esc16i', 'ste36a', 'els19', 'lipa50b', 'wil100', 'chr20a', 'esc32b', 'bur26d', 'tai80b', 'esc32f', 'sko100c', 'lipa20a', 'lipa60b', 'esc16e', 'esc16c', 'esc128', 'Inst60', 'tai100b', 'nug21', 'chr20c', 'sko90', 'lipa90b', 'gin30', 'lipa60a', 'had12', 'tai10a', 'had16', 'jen4', 'Inst70', 'esc32h', 'bur26f', 'nug14', 'tho30', 'esc16g', 'nug28', 'tai60b', 'kra30a', 'chr20b', 'Inst50', 'gin200', 'chr12a', 'bur26b', 'gin70', 'tai35a', 'Inst200', 'lipa30b', 'gin100', 'Inst150', 'had20', 'tai80a', 'nug30', 'lipa50a', 'rou15', 'tai20a', 'tai35b', 'bur26a', 'esc32c', 'chr18a', 'tai40b', 'lipa80b', 'lipa70b', 'tho150', 'chr12b', 'chr18b', 'nug27', 'scr12', 'chr22a', 'bur26c', 'tai50a', 'gin150', 'chr15a', 'tai50b', 'lipa80a', 'sko100e', 'nug24', 'tai15b', 'esc16h', 'nug22', 'Inst80', 'rou12', 'wil50', 'nug25', 'esc16f', 'tai100a', 'tai30b', 'rou20', 'lipa90a', 'esc16j', 'lipa40b']
    """
    import os
    problems = []
    for root, dirs, files in os.walk(path):
        for name in files:      
            if name[-1] == "t":
                problems.append(name[0:-4])
    return problems

def random(n, seed = vars.seed_standard):
    """
    Returns a random, symmetric Problem of size n.
    
    Examples:
    
    >>> np.random.seed(123)
    >>> random(5)
    QAP of size 5 with the flow matrix
    [[ 0.          0.12696983  0.26047601  0.37674972  0.45137647]
     [ 0.12696983  0.          0.12310214  0.37301223  0.12944068]
     [ 0.26047601  0.12310214  0.          0.82038836  0.2288873 ]
     [ 0.37674972  0.37301223  0.82038836  0.          0.59478359]
     [ 0.45137647  0.12944068  0.2288873   0.59478359  0.        ]]
    and distance matrix
    [[ 0.          0.96671784  0.89723652  0.33622174  0.84025508]
     [ 0.96671784  0.          0.5430262   0.44799682  0.85987871]
     [ 0.89723652  0.5430262   0.          0.35205354  0.77678375]
     [ 0.33622174  0.44799682  0.35205354  0.          0.13755356]
     [ 0.84025508  0.85987871  0.77678375  0.13755356  0.        ]]
    and linear cost matrix
    [[ 0.  0.  0.  0.  0.]
     [ 0.  0.  0.  0.  0.]
     [ 0.  0.  0.  0.  0.]
     [ 0.  0.  0.  0.  0.]
     [ 0.  0.  0.  0.  0.]]
    >>> random(10)
    QAP of size 10 with the flow matrix
    [[ 0.          0.12696983  0.26047601  0.37674972  0.45137647  0.12310214
       0.37301223  0.12944068  0.82038836  0.2288873 ]
     [ 0.12696983  0.          0.59478359  0.85289978  0.14622723  0.57401177
       0.590426    0.34044494  0.9195404   0.86154929]
     [ 0.26047601  0.59478359  0.          0.40517876  0.17091717  0.64166617
       0.46235433  0.40113122  0.11796713  0.41403366]
     [ 0.37674972  0.85289978  0.40517876  0.          0.59592532  0.09973676
       0.01654451  0.09593887  0.83879627  0.73259152]
     [ 0.45137647  0.14622723  0.17091717  0.59592532  0.          0.56065718
       0.13876812  0.94225634  0.63069955  0.43348979]
     [ 0.12310214  0.57401177  0.64166617  0.09973676  0.56065718  0.
       0.86260898  0.0857089   0.14982485  0.84893827]
     [ 0.37301223  0.590426    0.46235433  0.01654451  0.13876812  0.86260898
       0.          0.32955081  0.61937849  0.67239782]
     [ 0.12944068  0.34044494  0.40113122  0.09593887  0.94225634  0.0857089
       0.32955081  0.          0.38699906  0.98894936]
     [ 0.82038836  0.9195404   0.11796713  0.83879627  0.63069955  0.14982485
       0.61937849  0.38699906  0.          0.37038179]
     [ 0.2288873   0.86154929  0.41403366  0.73259152  0.43348979  0.84893827
       0.67239782  0.98894936  0.37038179  0.        ]]
    and distance matrix
    [[ 0.          0.96671784  0.89723652  0.33622174  0.84025508  0.5430262
       0.44799682  0.85987871  0.35205354  0.77678375]
     [ 0.96671784  0.          0.13755356  0.23550748  0.58986877  0.06126996
       0.24534982  0.98472874  0.03777169  0.75356885]
     [ 0.89723652  0.13755356  0.          0.34352588  0.39465901  0.27459243
       0.87137165  0.61058827  0.70218436  0.34234521]
     [ 0.33622174  0.23550748  0.34352588  0.          0.19986426  0.73459622
       0.4813845   0.49730633  0.89733326  0.75872436]
     [ 0.84025508  0.58986877  0.39465901  0.19986426  0.          0.47147793
       0.09446113  0.13409924  0.63956822  0.15584706]
     [ 0.5430262   0.06126996  0.27459243  0.73459622  0.47147793  0.
       0.6830463   0.56610253  0.47745445  0.14014442]
     [ 0.44799682  0.24534982  0.87137165  0.4813845   0.09446113  0.6830463
       0.          0.63407411  0.39504264  0.80998032]
     [ 0.85987871  0.98472874  0.61058827  0.49730633  0.13409924  0.56610253
       0.63407411  0.          0.54475875  0.98498291]
     [ 0.35205354  0.03777169  0.70218436  0.89733326  0.63956822  0.47745445
       0.39504264  0.54475875  0.          0.56294193]
     [ 0.77678375  0.75356885  0.34234521  0.75872436  0.15584706  0.14014442
       0.80998032  0.98498291  0.56294193  0.        ]]
    and linear cost matrix
    [[ 0.  0.  0.  0.  0.  0.  0.  0.  0.  0.]
     [ 0.  0.  0.  0.  0.  0.  0.  0.  0.  0.]
     [ 0.  0.  0.  0.  0.  0.  0.  0.  0.  0.]
     [ 0.  0.  0.  0.  0.  0.  0.  0.  0.  0.]
     [ 0.  0.  0.  0.  0.  0.  0.  0.  0.  0.]
     [ 0.  0.  0.  0.  0.  0.  0.  0.  0.  0.]
     [ 0.  0.  0.  0.  0.  0.  0.  0.  0.  0.]
     [ 0.  0.  0.  0.  0.  0.  0.  0.  0.  0.]
     [ 0.  0.  0.  0.  0.  0.  0.  0.  0.  0.]
     [ 0.  0.  0.  0.  0.  0.  0.  0.  0.  0.]]
    >>> random(20)
    QAP of size 20 with the flow matrix
    [[ 0.          0.12696983  0.26047601  0.37674972  0.45137647  0.12310214
       0.37301223  0.12944068  0.82038836  0.2288873   0.59478359  0.85289978
       0.14622723  0.57401177  0.590426    0.34044494  0.9195404   0.86154929
       0.40517876  0.17091717]
     [ 0.12696983  0.          0.64166617  0.46235433  0.40113122  0.11796713
       0.41403366  0.59592532  0.09973676  0.01654451  0.09593887  0.83879627
       0.73259152  0.56065718  0.13876812  0.94225634  0.63069955  0.43348979
       0.86260898  0.0857089 ]
     [ 0.26047601  0.64166617  0.          0.14982485  0.84893827  0.32955081
       0.61937849  0.67239782  0.38699906  0.98894936  0.37038179  0.2497721
       0.81654559  0.40983286  0.2079005   0.65729823  0.99312398  0.3565001
       0.18791812  0.68968056]
     [ 0.37674972  0.46235433  0.14982485  0.          0.27922449  0.60604181
       0.16859335  0.76594887  0.93641621  0.93214304  0.0227043   0.44926752
       0.69535566  0.41551407  0.80478389  0.78461857  0.5007378   0.4972592
       0.77019143  0.66383516]
     [ 0.45137647  0.40113122  0.84893827  0.27922449  0.          0.42177412
       0.52515252  0.9673966   0.4184376   0.68636244  0.97264111  0.41265073
       0.53566023  0.86701972  0.1230965   0.54793885  0.5753517   0.6700346
       0.49067099  0.5370204 ]
     [ 0.12310214  0.11796713  0.32955081  0.60604181  0.42177412  0.
       0.65821533  0.22053475  0.20461195  0.45498337  0.4882077   0.97975761
       0.31203426  0.48740807  0.64801674  0.97876114  0.6361017   0.52766083
       0.08785026  0.68770366]
     [ 0.37301223  0.41403366  0.61937849  0.16859335  0.52515252  0.65821533
       0.          0.28164466  0.61002089  0.62432787  0.93214595  0.02292111
       0.59019799  0.8903922   0.29642441  0.63462486  0.12387221  0.32507567
       0.11682221  0.45460741]
     [ 0.12944068  0.59592532  0.67239782  0.76594887  0.9673966   0.22053475
       0.28164466  0.          0.75195262  0.57221404  0.287377    0.010693
       0.25914561  0.31709218  0.71239402  0.70580991  0.74098362  0.45667157
       0.45599442  0.76969444]
     [ 0.82038836  0.09973676  0.38699906  0.93641621  0.4184376   0.20461195
       0.61002089  0.75195262  0.          0.53066047  0.02292441  0.02937491
       0.68009449  0.75556352  0.30087734  0.51877403  0.71520217  0.69276597
       0.65884562  0.51128967]
     [ 0.2288873   0.01654451  0.98894936  0.93214304  0.68636244  0.45498337
       0.62432787  0.57221404  0.53066047  0.          0.30896103  0.31508832
       0.17556034  0.59715986  0.70365335  0.66405609  0.64245624  0.78978597
       0.01860635  0.27931224]
     [ 0.59478359  0.09593887  0.37038179  0.0227043   0.97264111  0.4882077
       0.93214595  0.287377    0.02292441  0.30896103  0.          0.35938869
       0.20794781  0.97691442  0.10405018  0.89608583  0.86043701  0.00460614
       0.46790977  0.44742079]
     [ 0.85289978  0.83879627  0.2497721   0.44926752  0.41265073  0.97975761
       0.02292111  0.010693    0.02937491  0.31508832  0.35938869  0.
       0.42787694  0.03522117  0.50791668  0.97356121  0.70048617  0.33771074
       0.69787944  0.04358689]
     [ 0.14622723  0.73259152  0.81654559  0.69535566  0.53566023  0.31203426
       0.59019799  0.25914561  0.68009449  0.17556034  0.20794781  0.42787694
       0.          0.71701941  0.5246826   0.06630206  0.36115521  0.94873697
       0.35789325  0.78514831]
     [ 0.57401177  0.56065718  0.40983286  0.41551407  0.86701972  0.48740807
       0.8903922   0.31709218  0.75556352  0.59715986  0.97691442  0.03522117
       0.71701941  0.          0.95369593  0.25212466  0.89292043  0.66258026
       0.24374489  0.79021815]
     [ 0.590426    0.13876812  0.2079005   0.80478389  0.1230965   0.64801674
       0.29642441  0.71239402  0.30087734  0.70365335  0.10405018  0.50791668
       0.5246826   0.95369593  0.          0.73610711  0.30282689  0.713897
       0.1366243   0.19524552]
     [ 0.34044494  0.94225634  0.65729823  0.78461857  0.54793885  0.97876114
       0.63462486  0.70580991  0.51877403  0.66405609  0.89608583  0.97356121
       0.06630206  0.25212466  0.73610711  0.          0.62771234  0.37166032
       0.4800879   0.18575952]
     [ 0.9195404   0.63069955  0.99312398  0.5007378   0.5753517   0.6361017
       0.12387221  0.74098362  0.71520217  0.64245624  0.86043701  0.70048617
       0.36115521  0.89292043  0.30282689  0.62771234  0.          0.48346746
       0.3090401   0.58710129]
     [ 0.86154929  0.43348979  0.3565001   0.4972592   0.6700346   0.52766083
       0.32507567  0.45667157  0.69276597  0.78978597  0.00460614  0.33771074
       0.94873697  0.66258026  0.713897    0.37166032  0.48346746  0.
       0.47776883  0.55045892]
     [ 0.40517876  0.86260898  0.18791812  0.77019143  0.49067099  0.08785026
       0.11682221  0.45599442  0.65884562  0.01860635  0.46790977  0.69787944
       0.35789325  0.24374489  0.1366243   0.4800879   0.3090401   0.47776883
       0.          0.30461071]
     [ 0.17091717  0.0857089   0.68968056  0.66383516  0.5370204   0.68770366
       0.45460741  0.76969444  0.51128967  0.27931224  0.44742079  0.04358689
       0.78514831  0.79021815  0.19524552  0.18575952  0.58710129  0.55045892
       0.30461071  0.        ]]
    and distance matrix
    [[ 0.          0.96671784  0.89723652  0.33622174  0.84025508  0.5430262
       0.44799682  0.85987871  0.35205354  0.77678375  0.13755356  0.23550748
       0.58986877  0.06126996  0.24534982  0.98472874  0.03777169  0.75356885
       0.34352588  0.39465901]
     [ 0.96671784  0.          0.27459243  0.87137165  0.61058827  0.70218436
       0.34234521  0.19986426  0.73459622  0.4813845   0.49730633  0.89733326
       0.75872436  0.47147793  0.09446113  0.13409924  0.63956822  0.15584706
       0.6830463   0.56610253]
     [ 0.89723652  0.27459243  0.          0.47745445  0.14014442  0.63407411
       0.39504264  0.80998032  0.54475875  0.98498291  0.56294193  0.97645137
       0.04434843  0.02988663  0.63079895  0.24931601  0.03094003  0.24734495
       0.11323619  0.88619157]
     [ 0.33622174  0.87137165  0.47745445  0.          0.69082862  0.06097423
       0.91331798  0.2168039   0.69092822  0.27799911  0.92146396  0.41926869
       0.37255732  0.32183137  0.41990931  0.69738845  0.61891328  0.52898815
       0.03036163  0.27398912]
     [ 0.84025508  0.61058827  0.14014442  0.69082862  0.          0.03620003
       0.35565985  0.59171331  0.7511281   0.90787154  0.7262593   0.99000306
       0.5592529   0.01927573  0.8083001   0.40020303  0.81869185  0.14017416
       0.12024818  0.11096786]
     [ 0.5430262   0.70218436  0.63407411  0.06097423  0.03620003  0.
       0.65487115  0.9131155   0.82367798  0.98098654  0.39590861  0.63502397
       0.71659353  0.78986598  0.25714442  0.21992478  0.16947211  0.61153307
       0.62260923  0.58231442]
     [ 0.44799682  0.34234521  0.39504264  0.91331798  0.35565985  0.65487115
       0.          0.25084592  0.42012132  0.40181586  0.01176334  0.24418595
       0.32567996  0.59889205  0.00731223  0.80306929  0.92416757  0.30374602
       0.36456449  0.98614193]
     [ 0.85987871  0.19986426  0.80998032  0.2168039   0.59171331  0.9131155
       0.25084592  0.          0.56151186  0.74069274  0.91447937  0.47452105
       0.60723543  0.26646301  0.40866186  0.91999989  0.10915717  0.41252722
       0.23650765  0.54989765]
     [ 0.35205354  0.73459622  0.54475875  0.69092822  0.7511281   0.82367798
       0.42012132  0.56151186  0.          0.09382583  0.42501446  0.96450068
       0.26075358  0.76147622  0.30633954  0.99155064  0.87505778  0.49916739
       0.18565243  0.15714958]
     [ 0.77678375  0.4813845   0.98498291  0.27799911  0.90787154  0.98098654
       0.40181586  0.74069274  0.09382583  0.          0.07863006  0.53771132
       0.94859677  0.39215369  0.1835277   0.62640496  0.54059929  0.807265
       0.7073882   0.70186132]
     [ 0.13755356  0.49730633  0.56294193  0.92146396  0.7262593   0.39590861
       0.01176334  0.91447937  0.42501446  0.07863006  0.          0.70816525
       0.96429992  0.25012843  0.32044867  0.94877521  0.77594899  0.28833066
       0.44916731  0.55779208]
     [ 0.23550748  0.89733326  0.97645137  0.41926869  0.99000306  0.63502397
       0.24418595  0.47452105  0.96450068  0.53771132  0.70816525  0.
       0.69071378  0.5439443   0.46802482  0.72737056  0.5153912   0.10762994
       0.54187015  0.07462942]
     [ 0.58986877  0.75872436  0.04434843  0.37255732  0.5592529   0.71659353
       0.32567996  0.60723543  0.26075358  0.94859677  0.96429992  0.69071378
       0.          0.66185164  0.44625349  0.74475672  0.2053439   0.55549468
       0.16429131  0.84770034]
     [ 0.06126996  0.47147793  0.02988663  0.32183137  0.01927573  0.78986598
       0.59889205  0.26646301  0.76147622  0.39215369  0.25012843  0.5439443
       0.66185164  0.          0.11104445  0.03363282  0.0379104   0.2195589
       0.88503606  0.22428301]
     [ 0.24534982  0.09446113  0.63079895  0.41990931  0.8083001   0.25714442
       0.00731223  0.40866186  0.30633954  0.1835277   0.32044867  0.46802482
       0.44625349  0.11104445  0.          0.1391679   0.65780252  0.61118467
       0.9849599   0.12343636]
     [ 0.98472874  0.13409924  0.24931601  0.69738845  0.40020303  0.21992478
       0.80306929  0.91999989  0.99155064  0.62640496  0.94877521  0.72737056
       0.74475672  0.03363282  0.1391679   0.          0.61867302  0.04790221
       0.06299265  0.56801753]
     [ 0.03777169  0.63956822  0.03094003  0.61891328  0.81869185  0.16947211
       0.92416757  0.10915717  0.87505778  0.54059929  0.77594899  0.5153912
       0.2053439   0.0379104   0.65780252  0.61867302  0.          0.44528865
       0.27458003  0.25899291]
     [ 0.75356885  0.15584706  0.24734495  0.52898815  0.14017416  0.61153307
       0.30374602  0.41252722  0.49916739  0.807265    0.28833066  0.10762994
       0.55549468  0.2195589   0.61118467  0.04790221  0.44528865  0.
       0.3702548   0.84087004]
     [ 0.34352588  0.6830463   0.11323619  0.03036163  0.12024818  0.62260923
       0.36456449  0.23650765  0.18565243  0.7073882   0.44916731  0.54187015
       0.16429131  0.88503606  0.9849599   0.06299265  0.27458003  0.3702548
       0.          0.35757854]
     [ 0.39465901  0.56610253  0.88619157  0.27398912  0.11096786  0.58231442
       0.98614193  0.54989765  0.15714958  0.70186132  0.55779208  0.07462942
       0.84770034  0.22428301  0.12343636  0.56801753  0.25899291  0.84087004
       0.35757854  0.        ]]
    and linear cost matrix
    [[ 0.  0.  0.  0.  0.  0.  0.  0.  0.  0.  0.  0.  0.  0.  0.  0.  0.  0.
       0.  0.]
     [ 0.  0.  0.  0.  0.  0.  0.  0.  0.  0.  0.  0.  0.  0.  0.  0.  0.  0.
       0.  0.]
     [ 0.  0.  0.  0.  0.  0.  0.  0.  0.  0.  0.  0.  0.  0.  0.  0.  0.  0.
       0.  0.]
     [ 0.  0.  0.  0.  0.  0.  0.  0.  0.  0.  0.  0.  0.  0.  0.  0.  0.  0.
       0.  0.]
     [ 0.  0.  0.  0.  0.  0.  0.  0.  0.  0.  0.  0.  0.  0.  0.  0.  0.  0.
       0.  0.]
     [ 0.  0.  0.  0.  0.  0.  0.  0.  0.  0.  0.  0.  0.  0.  0.  0.  0.  0.
       0.  0.]
     [ 0.  0.  0.  0.  0.  0.  0.  0.  0.  0.  0.  0.  0.  0.  0.  0.  0.  0.
       0.  0.]
     [ 0.  0.  0.  0.  0.  0.  0.  0.  0.  0.  0.  0.  0.  0.  0.  0.  0.  0.
       0.  0.]
     [ 0.  0.  0.  0.  0.  0.  0.  0.  0.  0.  0.  0.  0.  0.  0.  0.  0.  0.
       0.  0.]
     [ 0.  0.  0.  0.  0.  0.  0.  0.  0.  0.  0.  0.  0.  0.  0.  0.  0.  0.
       0.  0.]
     [ 0.  0.  0.  0.  0.  0.  0.  0.  0.  0.  0.  0.  0.  0.  0.  0.  0.  0.
       0.  0.]
     [ 0.  0.  0.  0.  0.  0.  0.  0.  0.  0.  0.  0.  0.  0.  0.  0.  0.  0.
       0.  0.]
     [ 0.  0.  0.  0.  0.  0.  0.  0.  0.  0.  0.  0.  0.  0.  0.  0.  0.  0.
       0.  0.]
     [ 0.  0.  0.  0.  0.  0.  0.  0.  0.  0.  0.  0.  0.  0.  0.  0.  0.  0.
       0.  0.]
     [ 0.  0.  0.  0.  0.  0.  0.  0.  0.  0.  0.  0.  0.  0.  0.  0.  0.  0.
       0.  0.]
     [ 0.  0.  0.  0.  0.  0.  0.  0.  0.  0.  0.  0.  0.  0.  0.  0.  0.  0.
       0.  0.]
     [ 0.  0.  0.  0.  0.  0.  0.  0.  0.  0.  0.  0.  0.  0.  0.  0.  0.  0.
       0.  0.]
     [ 0.  0.  0.  0.  0.  0.  0.  0.  0.  0.  0.  0.  0.  0.  0.  0.  0.  0.
       0.  0.]
     [ 0.  0.  0.  0.  0.  0.  0.  0.  0.  0.  0.  0.  0.  0.  0.  0.  0.  0.
       0.  0.]
     [ 0.  0.  0.  0.  0.  0.  0.  0.  0.  0.  0.  0.  0.  0.  0.  0.  0.  0.
       0.  0.]]
    >>> random(40)
    QAP of size 40 with the flow matrix
    [[ 0.          0.12696983  0.26047601 ...,  0.0857089   0.14982485
       0.84893827]
     [ 0.12696983  0.          0.32955081 ...,  0.68636244  0.97264111
       0.41265073]
     [ 0.26047601  0.32955081  0.         ...,  0.45460741  0.75195262
       0.57221404]
     ..., 
     [ 0.0857089   0.68636244  0.45460741 ...,  0.          0.25858789
       0.27792168]
     [ 0.14982485  0.97264111  0.75195262 ...,  0.25858789  0.          0.20844865]
     [ 0.84893827  0.41265073  0.57221404 ...,  0.27792168  0.20844865  0.        ]]
    and distance matrix
    [[ 0.          0.96671784  0.89723652 ...,  0.56610253  0.47745445
       0.14014442]
     [ 0.96671784  0.          0.63407411 ...,  0.90787154  0.7262593
       0.99000306]
     [ 0.89723652  0.63407411  0.         ...,  0.98614193  0.56151186
       0.74069274]
     ..., 
     [ 0.56610253  0.90787154  0.98614193 ...,  0.          0.55033341
       0.13991545]
     [ 0.47745445  0.7262593   0.56151186 ...,  0.55033341  0.          0.45005072]
     [ 0.14014442  0.99000306  0.74069274 ...,  0.13991545  0.45005072  0.        ]]
    and linear cost matrix
    [[ 0.  0.  0. ...,  0.  0.  0.]
     [ 0.  0.  0. ...,  0.  0.  0.]
     [ 0.  0.  0. ...,  0.  0.  0.]
     ..., 
     [ 0.  0.  0. ...,  0.  0.  0.]
     [ 0.  0.  0. ...,  0.  0.  0.]
     [ 0.  0.  0. ...,  0.  0.  0.]]
    >>> random(50)
    QAP of size 50 with the flow matrix
    [[ 0.          0.12696983  0.26047601 ...,  0.81654559  0.40983286
       0.2079005 ]
     [ 0.12696983  0.          0.65729823 ...,  0.97876114  0.6361017
       0.52766083]
     [ 0.26047601  0.65729823  0.         ...,  0.64245624  0.78978597
       0.01860635]
     ..., 
     [ 0.81654559  0.97876114  0.64245624 ...,  0.          0.67540589
       0.57024253]
     [ 0.40983286  0.6361017   0.78978597 ...,  0.67540589  0.          0.69207373]
     [ 0.2079005   0.52766083  0.01860635 ...,  0.57024253  0.69207373  0.        ]]
    and distance matrix
    [[ 0.          0.96671784  0.89723652 ...,  0.04434843  0.02988663
       0.63079895]
     [ 0.96671784  0.          0.24931601 ...,  0.21992478  0.16947211
       0.61153307]
     [ 0.89723652  0.24931601  0.         ...,  0.54059929  0.807265    0.7073882 ]
     ..., 
     [ 0.04434843  0.21992478  0.54059929 ...,  0.          0.94331538
       0.66133937]
     [ 0.02988663  0.16947211  0.807265   ...,  0.94331538  0.          0.0118806 ]
     [ 0.63079895  0.61153307  0.7073882  ...,  0.66133937  0.0118806   0.        ]]
    and linear cost matrix
    [[ 0.  0.  0. ...,  0.  0.  0.]
     [ 0.  0.  0. ...,  0.  0.  0.]
     [ 0.  0.  0. ...,  0.  0.  0.]
     ..., 
     [ 0.  0.  0. ...,  0.  0.  0.]
     [ 0.  0.  0. ...,  0.  0.  0.]
     [ 0.  0.  0. ...,  0.  0.  0.]]
    >>> random(100)
    QAP of size 100 with the flow matrix
    [[ 0.          0.12696983  0.26047601 ...,  0.52766083  0.08785026
       0.68770366]
     [ 0.12696983  0.          0.28164466 ...,  0.52650576  0.86081306
       0.48651369]
     [ 0.26047601  0.28164466  0.         ...,  0.38360523  0.56029581
       0.45564378]
     ..., 
     [ 0.52766083  0.52650576  0.38360523 ...,  0.          0.04302309
       0.20187473]
     [ 0.08785026  0.86081306  0.56029581 ...,  0.04302309  0.          0.07722681]
     [ 0.68770366  0.48651369  0.45564378 ...,  0.20187473  0.07722681  0.        ]]
    and distance matrix
    [[ 0.          0.96671784  0.89723652 ...,  0.61153307  0.62260923
       0.58231442]
     [ 0.96671784  0.          0.25084592 ...,  0.32332088  0.51873586
       0.38472384]
     [ 0.89723652  0.25084592  0.         ...,  0.0139871   0.60392746
       0.3825841 ]
     ..., 
     [ 0.61153307  0.32332088  0.0139871  ...,  0.          0.3547607
       0.2571106 ]
     [ 0.62260923  0.51873586  0.60392746 ...,  0.3547607   0.          0.54966467]
     [ 0.58231442  0.38472384  0.3825841  ...,  0.2571106   0.54966467  0.        ]]
    and linear cost matrix
    [[ 0.  0.  0. ...,  0.  0.  0.]
     [ 0.  0.  0. ...,  0.  0.  0.]
     [ 0.  0.  0. ...,  0.  0.  0.]
     ..., 
     [ 0.  0.  0. ...,  0.  0.  0.]
     [ 0.  0.  0. ...,  0.  0.  0.]
     [ 0.  0.  0. ...,  0.  0.  0.]]
    """
    #initialize
    np.random.seed(seed)
    f = np.empty((n,n))
    d = np.empty((n,n))
    
    #set the random entries
    for i in xrange(n):
        for j in xrange(n):
            if i == j:
                f[i,j] = 0
                d[i,j] = 0
            elif i < j:
                f[i,j] = np.random.random()
                d[i,j] = np.random.random()
            else:
                f[i,j] = f[j,i]
                d[i,j] = d[j,i]
        
    return classes.Problem(f,d)

def random_asymmetric(n, linear_term = False,  seed = vars.seed_standard):
    """
    Returns a random, asymmetric Problem of size n.
    
    Examples:
    
    >>> random_asymmetric(5)
    QAP of size 5 with the flow matrix
    [[ 0.12696983  0.96671784  0.26047601  0.89723652  0.37674972]
     [ 0.33622174  0.45137647  0.84025508  0.12310214  0.5430262 ]
     [ 0.37301223  0.44799682  0.12944068  0.85987871  0.82038836]
     [ 0.35205354  0.2288873   0.77678375  0.59478359  0.13755356]
     [ 0.85289978  0.23550748  0.14622723  0.58986877  0.57401177]]
    and distance matrix
    [[ 0.06126996  0.590426    0.24534982  0.34044494  0.98472874]
     [ 0.9195404   0.03777169  0.86154929  0.75356885  0.40517876]
     [ 0.34352588  0.17091717  0.39465901  0.64166617  0.27459243]
     [ 0.46235433  0.87137165  0.40113122  0.61058827  0.11796713]
     [ 0.70218436  0.41403366  0.34234521  0.59592532  0.19986426]]
    and linear cost matrix
    [[ 0.  0.  0.  0.  0.]
     [ 0.  0.  0.  0.  0.]
     [ 0.  0.  0.  0.  0.]
     [ 0.  0.  0.  0.  0.]
     [ 0.  0.  0.  0.  0.]]
    >>> random_asymmetric(10)
    QAP of size 10 with the flow matrix
    [[ 0.12696983  0.96671784  0.26047601  0.89723652  0.37674972  0.33622174
       0.45137647  0.84025508  0.12310214  0.5430262 ]
     [ 0.37301223  0.44799682  0.12944068  0.85987871  0.82038836  0.35205354
       0.2288873   0.77678375  0.59478359  0.13755356]
     [ 0.85289978  0.23550748  0.14622723  0.58986877  0.57401177  0.06126996
       0.590426    0.24534982  0.34044494  0.98472874]
     [ 0.9195404   0.03777169  0.86154929  0.75356885  0.40517876  0.34352588
       0.17091717  0.39465901  0.64166617  0.27459243]
     [ 0.46235433  0.87137165  0.40113122  0.61058827  0.11796713  0.70218436
       0.41403366  0.34234521  0.59592532  0.19986426]
     [ 0.09973676  0.73459622  0.01654451  0.4813845   0.09593887  0.49730633
       0.83879627  0.89733326  0.73259152  0.75872436]
     [ 0.56065718  0.47147793  0.13876812  0.09446113  0.94225634  0.13409924
       0.63069955  0.63956822  0.43348979  0.15584706]
     [ 0.86260898  0.6830463   0.0857089   0.56610253  0.14982485  0.47745445
       0.84893827  0.14014442  0.32955081  0.63407411]
     [ 0.61937849  0.39504264  0.67239782  0.80998032  0.38699906  0.54475875
       0.98894936  0.98498291  0.37038179  0.56294193]
     [ 0.2497721   0.97645137  0.81654559  0.04434843  0.40983286  0.02988663
       0.2079005   0.63079895  0.65729823  0.24931601]]
    and distance matrix
    [[ 0.99312398  0.03094003  0.3565001   0.24734495  0.18791812  0.11323619
       0.68968056  0.88619157  0.27922449  0.69082862]
     [ 0.60604181  0.06097423  0.16859335  0.91331798  0.76594887  0.2168039
       0.93641621  0.69092822  0.93214304  0.27799911]
     [ 0.0227043   0.92146396  0.44926752  0.41926869  0.69535566  0.37255732
       0.41551407  0.32183137  0.80478389  0.41990931]
     [ 0.78461857  0.69738845  0.5007378   0.61891328  0.4972592   0.52898815
       0.77019143  0.03036163  0.66383516  0.27398912]
     [ 0.42177412  0.03620003  0.52515252  0.35565985  0.9673966   0.59171331
       0.4184376   0.7511281   0.68636244  0.90787154]
     [ 0.97264111  0.7262593   0.41265073  0.99000306  0.53566023  0.5592529
       0.86701972  0.01927573  0.1230965   0.8083001 ]
     [ 0.54793885  0.40020303  0.5753517   0.81869185  0.6700346   0.14017416
       0.49067099  0.12024818  0.5370204   0.11096786]
     [ 0.65821533  0.65487115  0.22053475  0.9131155   0.20461195  0.82367798
       0.45498337  0.98098654  0.4882077   0.39590861]
     [ 0.97975761  0.63502397  0.31203426  0.71659353  0.48740807  0.78986598
       0.64801674  0.25714442  0.97876114  0.21992478]
     [ 0.6361017   0.16947211  0.52766083  0.61153307  0.08785026  0.62260923
       0.68770366  0.58231442  0.28164466  0.25084592]]
    and linear cost matrix
    [[ 0.  0.  0.  0.  0.  0.  0.  0.  0.  0.]
     [ 0.  0.  0.  0.  0.  0.  0.  0.  0.  0.]
     [ 0.  0.  0.  0.  0.  0.  0.  0.  0.  0.]
     [ 0.  0.  0.  0.  0.  0.  0.  0.  0.  0.]
     [ 0.  0.  0.  0.  0.  0.  0.  0.  0.  0.]
     [ 0.  0.  0.  0.  0.  0.  0.  0.  0.  0.]
     [ 0.  0.  0.  0.  0.  0.  0.  0.  0.  0.]
     [ 0.  0.  0.  0.  0.  0.  0.  0.  0.  0.]
     [ 0.  0.  0.  0.  0.  0.  0.  0.  0.  0.]
     [ 0.  0.  0.  0.  0.  0.  0.  0.  0.  0.]]
    >>> random_asymmetric(20, True)
    QAP of size 20 with the flow matrix
    [[ 0.12696983  0.96671784  0.26047601  0.89723652  0.37674972  0.33622174
       0.45137647  0.84025508  0.12310214  0.5430262   0.37301223  0.44799682
       0.12944068  0.85987871  0.82038836  0.35205354  0.2288873   0.77678375
       0.59478359  0.13755356]
     [ 0.85289978  0.23550748  0.14622723  0.58986877  0.57401177  0.06126996
       0.590426    0.24534982  0.34044494  0.98472874  0.9195404   0.03777169
       0.86154929  0.75356885  0.40517876  0.34352588  0.17091717  0.39465901
       0.64166617  0.27459243]
     [ 0.46235433  0.87137165  0.40113122  0.61058827  0.11796713  0.70218436
       0.41403366  0.34234521  0.59592532  0.19986426  0.09973676  0.73459622
       0.01654451  0.4813845   0.09593887  0.49730633  0.83879627  0.89733326
       0.73259152  0.75872436]
     [ 0.56065718  0.47147793  0.13876812  0.09446113  0.94225634  0.13409924
       0.63069955  0.63956822  0.43348979  0.15584706  0.86260898  0.6830463
       0.0857089   0.56610253  0.14982485  0.47745445  0.84893827  0.14014442
       0.32955081  0.63407411]
     [ 0.61937849  0.39504264  0.67239782  0.80998032  0.38699906  0.54475875
       0.98894936  0.98498291  0.37038179  0.56294193  0.2497721   0.97645137
       0.81654559  0.04434843  0.40983286  0.02988663  0.2079005   0.63079895
       0.65729823  0.24931601]
     [ 0.99312398  0.03094003  0.3565001   0.24734495  0.18791812  0.11323619
       0.68968056  0.88619157  0.27922449  0.69082862  0.60604181  0.06097423
       0.16859335  0.91331798  0.76594887  0.2168039   0.93641621  0.69092822
       0.93214304  0.27799911]
     [ 0.0227043   0.92146396  0.44926752  0.41926869  0.69535566  0.37255732
       0.41551407  0.32183137  0.80478389  0.41990931  0.78461857  0.69738845
       0.5007378   0.61891328  0.4972592   0.52898815  0.77019143  0.03036163
       0.66383516  0.27398912]
     [ 0.42177412  0.03620003  0.52515252  0.35565985  0.9673966   0.59171331
       0.4184376   0.7511281   0.68636244  0.90787154  0.97264111  0.7262593
       0.41265073  0.99000306  0.53566023  0.5592529   0.86701972  0.01927573
       0.1230965   0.8083001 ]
     [ 0.54793885  0.40020303  0.5753517   0.81869185  0.6700346   0.14017416
       0.49067099  0.12024818  0.5370204   0.11096786  0.65821533  0.65487115
       0.22053475  0.9131155   0.20461195  0.82367798  0.45498337  0.98098654
       0.4882077   0.39590861]
     [ 0.97975761  0.63502397  0.31203426  0.71659353  0.48740807  0.78986598
       0.64801674  0.25714442  0.97876114  0.21992478  0.6361017   0.16947211
       0.52766083  0.61153307  0.08785026  0.62260923  0.68770366  0.58231442
       0.28164466  0.25084592]
     [ 0.61002089  0.42012132  0.62432787  0.40181586  0.93214595  0.01176334
       0.02292111  0.24418595  0.59019799  0.32567996  0.8903922   0.59889205
       0.29642441  0.00731223  0.63462486  0.80306929  0.12387221  0.92416757
       0.32507567  0.30374602]
     [ 0.11682221  0.36456449  0.45460741  0.98614193  0.75195262  0.56151186
       0.57221404  0.74069274  0.287377    0.91447937  0.010693    0.47452105
       0.25914561  0.60723543  0.31709218  0.26646301  0.71239402  0.40866186
       0.70580991  0.91999989]
     [ 0.74098362  0.10915717  0.45667157  0.41252722  0.45599442  0.23650765
       0.76969444  0.54989765  0.53066047  0.09382583  0.02292441  0.42501446
       0.02937491  0.96450068  0.68009449  0.26075358  0.75556352  0.76147622
       0.30087734  0.30633954]
     [ 0.51877403  0.99155064  0.71520217  0.87505778  0.69276597  0.49916739
       0.65884562  0.18565243  0.51128967  0.15714958  0.30896103  0.07863006
       0.31508832  0.53771132  0.17556034  0.94859677  0.59715986  0.39215369
       0.70365335  0.1835277 ]
     [ 0.66405609  0.62640496  0.64245624  0.54059929  0.78978597  0.807265
       0.01860635  0.7073882   0.27931224  0.70186132  0.35938869  0.70816525
       0.20794781  0.96429992  0.97691442  0.25012843  0.10405018  0.32044867
